Items: (ID, position on the disk, deadline):

1 59 154 
2 78 87 
3 91 53 
4 14 126 
5 83 77 
6 56 89 
7 14 55 
8 17 55 
9 11 67 
10 78 81 
11 34 53 
12 34 38 
13 2 8 
14 49 167 
15 44 60 
16 89 52 
17 80 29 
18 31 194 
19 30 139 
20 63 56 
21 6 9 
22 25 133 
23 11 93 
24 22 114 
25 63 10 
26 22 76 
27 70 124 
28 69 138 
29 42 88 
30 77 112 
31 34 107 
32 69 120 
33 73 182 
34 11 19 
35 12 126 
36 23 34 
37 93 121 
38 56 35 
39 0 102 
40 57 186 
41 50 156 
42 71 97 
43 14 134 
44 79 151 
45 37 143 
46 20 44 
47 91 118 
48 91 96 
49 60 109 
50 77 157 
51 37 146 
52 28 70 
53 63 101 
54 92 166 
55 1 22 
56 16 14 
57 72 82 
58 87 55 
59 79 65 
60 71 46 
61 88 96 
62 2 79 
63 26 90 
64 26 46 
65 14 135 
66 79 155 
67 68 135 
68 51 60 
69 96 149 
70 78 36 
71 46 95 
72 10 192 
73 52 99 
74 73 49 
75 85 6 
76 87 163 
77 93 80 
78 9 51 
79 95 20 
80 6 25 
81 63 11 
82 89 91 
83 50 184 
84 42 27 
85 78 97 
86 80 83 
87 2 81 
88 77 95 
89 55 180 
90 7 54 
91 15 114 
92 84 42 
93 66 122 
94 84 175 
95 16 112 
96 19 47 
97 47 98 
98 60 168 
99 55 104 
100 12 84 
Item queue aranged by FCFS:
1 59 
2 78 
3 91 
4 14 
5 83 
6 56 
7 14 
8 17 
9 11 
10 78 
11 34 
12 34 
13 2 
14 49 
15 44 
16 89 
17 80 
18 31 
19 30 
20 63 
21 6 
22 25 
23 11 
24 22 
25 63 
26 22 
27 70 
28 69 
29 42 
30 77 
31 34 
32 69 
33 73 
34 11 
35 12 
36 23 
37 93 
38 56 
39 0 
40 57 
41 50 
42 71 
43 14 
44 79 
45 37 
46 20 
47 91 
48 91 
49 60 
50 77 
51 37 
52 28 
53 63 
54 92 
55 1 
56 16 
57 72 
58 87 
59 79 
60 71 
61 88 
62 2 
63 26 
64 26 
65 14 
66 79 
67 68 
68 51 
69 96 
70 78 
71 46 
72 10 
73 52 
74 73 
75 85 
76 87 
77 93 
78 9 
79 95 
80 6 
81 63 
82 89 
83 50 
84 42 
85 78 
86 80 
87 2 
88 77 
89 55 
90 7 
91 15 
92 84 
93 66 
94 84 
95 16 
96 19 
97 47 
98 60 
99 55 
100 12 
Item queue aranged by SSTF:
1 59 
49 60 
98 60 
20 63 
25 63 
53 63 
81 63 
93 66 
67 68 
28 69 
32 69 
27 70 
42 71 
60 71 
57 72 
33 73 
74 73 
30 77 
50 77 
88 77 
10 78 
2 78 
70 78 
85 78 
44 79 
59 79 
66 79 
17 80 
86 80 
5 83 
92 84 
94 84 
75 85 
58 87 
76 87 
61 88 
16 89 
82 89 
47 91 
48 91 
3 91 
54 92 
37 93 
77 93 
79 95 
69 96 
40 57 
6 56 
38 56 
89 55 
99 55 
73 52 
68 51 
83 50 
41 50 
14 49 
97 47 
71 46 
15 44 
84 42 
29 42 
45 37 
51 37 
12 34 
31 34 
11 34 
18 31 
19 30 
52 28 
64 26 
63 26 
22 25 
36 23 
24 22 
26 22 
46 20 
96 19 
8 17 
56 16 
95 16 
91 15 
4 14 
7 14 
65 14 
43 14 
35 12 
100 12 
23 11 
9 11 
34 11 
72 10 
78 9 
90 7 
80 6 
21 6 
13 2 
62 2 
87 2 
55 1 
39 0 
Item queue aranged by SCAN:
1 59 
49 60 
98 60 
20 63 
25 63 
53 63 
81 63 
93 66 
67 68 
28 69 
32 69 
27 70 
42 71 
60 71 
57 72 
33 73 
74 73 
30 77 
50 77 
88 77 
10 78 
2 78 
70 78 
85 78 
44 79 
59 79 
66 79 
17 80 
86 80 
5 83 
92 84 
94 84 
75 85 
58 87 
76 87 
61 88 
16 89 
82 89 
47 91 
48 91 
3 91 
54 92 
37 93 
77 93 
79 95 
69 96 
40 57 
6 56 
38 56 
89 55 
99 55 
73 52 
68 51 
83 50 
41 50 
14 49 
97 47 
71 46 
15 44 
84 42 
29 42 
45 37 
51 37 
12 34 
31 34 
11 34 
18 31 
19 30 
52 28 
64 26 
63 26 
22 25 
36 23 
24 22 
26 22 
46 20 
96 19 
8 17 
56 16 
95 16 
91 15 
4 14 
7 14 
65 14 
43 14 
35 12 
100 12 
23 11 
9 11 
34 11 
72 10 
78 9 
90 7 
80 6 
21 6 
13 2 
62 2 
87 2 
55 1 
39 0 
Item queue aranged by CSCAN:
1 59 
49 60 
98 60 
20 63 
25 63 
53 63 
81 63 
93 66 
67 68 
28 69 
32 69 
27 70 
42 71 
60 71 
57 72 
33 73 
74 73 
30 77 
50 77 
88 77 
10 78 
2 78 
70 78 
85 78 
44 79 
59 79 
66 79 
17 80 
86 80 
5 83 
92 84 
94 84 
75 85 
58 87 
76 87 
61 88 
16 89 
82 89 
47 91 
48 91 
3 91 
54 92 
37 93 
77 93 
79 95 
69 96 
39 0 
55 1 
13 2 
62 2 
87 2 
21 6 
80 6 
90 7 
78 9 
72 10 
34 11 
9 11 
23 11 
35 12 
100 12 
65 14 
43 14 
7 14 
4 14 
91 15 
56 16 
95 16 
8 17 
96 19 
46 20 
24 22 
26 22 
36 23 
22 25 
64 26 
63 26 
52 28 
19 30 
18 31 
12 34 
31 34 
11 34 
51 37 
45 37 
29 42 
84 42 
15 44 
71 46 
97 47 
14 49 
83 50 
41 50 
68 51 
73 52 
89 55 
99 55 
38 56 
6 56 
40 57 
Item queue aranged by EDF:
75 85 6 
13 2 8 
21 6 9 
25 63 10 
81 63 11 
56 16 14 
34 11 19 
79 95 20 
55 1 22 
80 6 25 
84 42 27 
17 80 29 
36 23 34 
38 56 35 
70 78 36 
12 34 38 
92 84 42 
46 20 44 
60 71 46 
64 26 46 
96 19 47 
74 73 49 
78 9 51 
16 89 52 
11 34 53 
3 91 53 
90 7 54 
7 14 55 
58 87 55 
8 17 55 
20 63 56 
68 51 60 
15 44 60 
59 79 65 
9 11 67 
52 28 70 
26 22 76 
5 83 77 
62 2 79 
77 93 80 
10 78 81 
87 2 81 
57 72 82 
86 80 83 
100 12 84 
2 78 87 
29 42 88 
6 56 89 
63 26 90 
82 89 91 
23 11 93 
71 46 95 
88 77 95 
48 91 96 
61 88 96 
85 78 97 
42 71 97 
97 47 98 
73 52 99 
53 63 101 
39 0 102 
99 55 104 
31 34 107 
49 60 109 
30 77 112 
95 16 112 
91 15 114 
24 22 114 
47 91 118 
32 69 120 
37 93 121 
93 66 122 
27 70 124 
4 14 126 
35 12 126 
22 25 133 
43 14 134 
65 14 135 
67 68 135 
28 69 138 
19 30 139 
45 37 143 
51 37 146 
69 96 149 
44 79 151 
1 59 154 
66 79 155 
41 50 156 
50 77 157 
76 87 163 
54 92 166 
14 49 167 
98 60 168 
94 84 175 
89 55 180 
33 73 182 
83 50 184 
40 57 186 
72 10 192 
18 31 194 
Item queue aranged by FDSCAN:
1 59 154 
49 60 109 
98 60 168 
20 63 56 
25 63 10 
53 63 101 
81 63 11 
93 66 122 
67 68 135 
28 69 138 
32 69 120 
27 70 124 
42 71 97 
60 71 46 
57 72 82 
33 73 182 
74 73 49 
30 77 112 
50 77 157 
88 77 95 
10 78 81 
2 78 87 
70 78 36 
85 78 97 
44 79 151 
59 79 65 
66 79 155 
17 80 29 
86 80 83 
5 83 77 
92 84 42 
94 84 175 
58 87 55 
76 87 163 
61 88 96 
16 89 52 
82 89 91 
47 91 118 
48 91 96 
3 91 53 
54 92 166 
77 93 80 
37 93 121 
69 96 149 
40 57 186 
6 56 89 
38 56 35 
89 55 180 
99 55 104 
73 52 99 
41 50 156 
83 50 184 
14 49 167 
97 47 98 
71 46 95 
51 37 146 
45 37 143 
31 34 107 
18 31 194 
19 30 139 
22 25 133 
24 22 114 
65 14 135 
43 14 134 
4 14 126 
35 12 126 
9 11 67 
72 10 192 
26 22 76 
23 11 93 
55 1 22 
68 51 60 
46 20 44 
21 6 9 
75 85 6 
34 11 19 
13 2 8 
78 9 51 
79 95 20 
80 6 25 
7 14 55 
64 26 46 
52 28 70 
84 42 27 
62 2 79 
29 42 88 
87 2 81 
63 26 90 
39 0 102 
90 7 54 
91 15 114 
36 23 34 
8 17 55 
11 34 53 
95 16 112 
96 19 47 
56 16 14 
15 44 60 
12 34 38 
100 12 84 
Average disk head movement of FCFS: 32.61
Average disk head movement of SSTF: 1.33
Average disk head movement of SCAN: 1.33
Average disk head movement of CSCAN: 1.9
Average disk head movement of EDF: 34.48
Average disk head movement of FDSCAN: 9.31
Number of items missed by EDF: 43
Number of items missed by FDSCAN: 34
